overall
36518
5461
3879 163 773 456 
6385 5607 5262 13803 
adjective
13216
2084
56 28 100 134 
1528 1684 2138 5782 
adverb
5189
628
20 18 30 80 
1230 1060 633 1638 
comma
2
0
0 0 0 0 
0 0 0 2 
coordinatingConjunction
10
8
0 0 0 0 
0 2 0 0 
determiner
80
40
0 0 0 12 
22 8 2 8 
interjection
66
2
0 0 0 0 
32 14 12 6 
noun
43184
6712
2119 155 508 624 
7546 6152 5746 17028 
numeral
406
24
0 0 0 0 
0 86 100 196 
preposition
562
116
2 4 0 30 
112 106 92 136 
pronoun
199
58
5 2 11 7 
38 21 19 63 
properNoun
5834
618
4497 71 412 4 
1670 1278 1170 1098 
reflexivePersonalPronoun
5
0
5 1 9 1 
0 0 0 5 
relativePronoun
49
16
0 7 0 4 
6 1 14 12 
subordinatingConjunction
2
2
0 0 0 0 
0 0 0 0 
verb
4232
614
1054 40 476 16 
586 802 598 1632 
