overall
82087
4782
462 151 1364 663 
1826 238 64633 10608 
adjective
8714
1338
672 38 346 116 
880 54 5258 1184 
adverb
2323
654
56 28 573 134 
180 21 1146 322 
comma
2
0
0 0 0 0 
0 0 2 0 
coordinatingConjunction
16
14
0 0 8 0 
0 0 0 2 
determiner
62
38
0 0 42 8 
0 2 14 8 
interjection
12
0
4 0 0 0 
0 2 4 6 
modal
8
0
0 0 8 0 
0 0 2 6 
noun
81189
5685
134 186 1400 738 
1891 155 64652 8806 
numeral
430
12
2 0 0 0 
2 22 56 338 
preposition
710
190
2 4 54 54 
90 2 314 114 
pronoun
177
71
10 8 54 31 
0 5 47 54 
properNoun
63946
404
20 8 88 2 
427 137 55752 7226 
reflexivePersonalPronoun
1
1
0 2 0 1 
0 0 0 0 
relativePronoun
52
7
2 0 3 0 
0 0 21 24 
subordinatingConjunction
2
2
0 0 0 0 
0 0 0 0 
verb
6530
1148
22 28 152 242 
182 76 1998 3126 
