overall
15876
5052
3991 1262 345 413 
1432 1284 753 7355 
adjective
4452
1186
182 52 30 52 
412 212 144 2498 
adverb
2291
574
10 64 40 123 
86 403 43 1185 
coordinatingConjunction
34
14
0 0 2 0 
0 4 0 16 
determiner
133
50
2 0 2 14 
5 18 2 58 
interjection
90
0
0 0 0 0 
8 58 4 20 
modal
18
0
0 0 0 0 
0 2 0 16 
noun
12462
4827
3931 1646 293 340 
276 695 220 6444 
numeral
362
12
14 0 0 0 
0 278 0 72 
personalPronoun
3
0
0 0 0 0 
1 2 0 0 
preposition
416
156
10 26 28 70 
12 70 16 162 
pronoun
236
42
7 6 4 8 
12 13 5 164 
properNoun
6636
1563
3413 536 149 12 
1606 693 814 1960 
reflexivePersonalPronoun
2
2
0 1 0 0 
0 0 0 0 
relativePronoun
33
0
2 0 0 1 
4 8 2 19 
verb
4584
1678
409 193 142 206 
442 112 256 2096 
