overall
75255
5537
841 189 787 761 
3401 50932 1619 13766 
adjective
9914
2102
52 30 278 228 
1368 2260 772 3412 
adverb
6184
654
14 35 40 125 
2056 2278 178 1018 
comma
2
0
0 0 0 0 
0 2 0 0 
coordinatingConjunction
24
10
0 0 0 0 
4 4 0 6 
determiner
84
40
2 2 6 8 
4 18 2 20 
interjection
68
6
0 0 0 0 
24 14 8 16 
noun
69283
7050
135 179 1064 1064 
2752 43461 1831 14189 
numeral
36
6
18 0 0 0 
10 4 0 16 
preposition
468
120
0 0 12 28 
98 126 2 122 
pronoun
158
61
1 11 26 26 
7 35 11 44 
properNoun
62511
484
26 6 20 2 
390 53163 365 8109 
punctuation
10
0
0 0 0 0 
4 2 2 2 
reflexivePersonalPronoun
17
1
0 3 12 8 
4 1 9 2 
relativePronoun
35
10
3 16 0 9 
1 14 0 10 
subordinatingConjunction
12
4
0 0 0 0 
0 6 2 0 
verb
1704
526
1431 96 116 24 
80 476 56 566 
