overall
22330
6513
1377 385 1134 662 
4193 3222 693 7709 
adjective
4860
2030
458 126 82 162 
232 638 122 1838 
adverb
1733
692
130 74 66 149 
324 132 114 471 
coordinatingConjunction
12
12
0 2 0 0 
0 0 0 0 
determiner
62
32
0 4 0 8 
16 4 0 10 
interjection
28
4
2 0 0 0 
6 2 4 12 
modal
16
0
0 0 0 0 
0 0 0 16 
noun
16436
6509
1084 310 1161 638 
1935 1530 376 6086 
numeral
270
66
0 0 6 0 
0 0 2 202 
preposition
326
132
12 26 34 74 
38 68 10 78 
pronoun
136
87
2 104 5 90 
2 4 2 41 
properNoun
15650
2032
962 26 863 12 
5226 3588 716 4088 
reflexivePersonalPronoun
8
5
0 6 0 1 
0 0 0 3 
relativePronoun
39
11
0 20 1 14 
3 0 0 25 
subordinatingConjunction
4
4
0 0 0 0 
0 0 0 0 
verb
5080
1410
104 72 50 176 
604 478 40 2548 
