overall
32062
1624
2454 186 163 547 
3586 3946 8542 14364 
adjective
12532
956
58 153 66 246 
1550 1794 3080 5152 
adverb
4366
754
61 115 45 226 
428 848 874 1462 
comma
2
0
0 0 0 0 
0 2 0 0 
coordinatingConjunction
20
10
0 0 0 4 
4 0 2 4 
determiner
112
40
0 0 4 28 
6 2 24 40 
interjection
44
2
0 2 0 0 
8 6 16 12 
noun
32586
694
2258 19 54 240 
3386 3504 8132 16870 
numeral
340
6
0 2 0 2 
116 186 8 24 
preposition
212
118
0 12 4 32 
4 20 2 68 
pronoun
149
44
2 4 9 47 
16 8 38 43 
properNoun
766
60
2518 7 74 0 
60 154 68 424 
punctuation
2
0
0 0 0 0 
0 0 0 2 
reflexivePersonalPronoun
44
0
0 0 25 8 
4 8 16 16 
relativePronoun
27
16
5 5 3 5 
2 0 6 3 
subordinatingConjunction
2
2
0 0 0 0 
0 0 0 0 
verb
12920
546
6 53 42 256 
1588 1360 4818 4608 
