overall
126730
5525
58 131 79 599 
37747 44678 4882 33898 
adjective
18146
1726
6 8 28 132 
6762 3108 1564 4986 
adverb
4152
698
36 53 46 200 
892 692 476 1394 
coordinatingConjunction
12
12
0 0 0 0 
0 0 0 0 
determiner
56
42
4 11 0 8 
2 2 2 8 
interjection
60
4
0 0 0 0 
22 20 4 10 
modal
12
0
0 0 0 0 
0 0 2 10 
noun
121569
5159
10 67 52 514 
36261 55116 2315 22718 
numeral
142
36
40 0 2 0 
14 70 0 22 
preposition
484
118
4 8 6 52 
72 98 32 164 
pronoun
259
71
4 66 2 42 
38 51 21 78 
properNoun
98894
1349
12 19 8 16 
30583 29307 4047 33608 
reflexivePersonalPronoun
19
5
0 0 0 0 
3 2 1 8 
relativePronoun
51
6
0 17 0 22 
2 23 8 12 
subordinatingConjunction
2
2
0 0 0 0 
0 0 0 0 
verb
9602
1822
0 12 14 212 
843 867 1292 4778 
