overall
51032
4166
625 326 753 511 
2030 9896 2249 32691 
adjective
7010
1880
402 142 314 147 
400 744 708 3278 
adverb
4344
652
105 97 137 140 
1320 546 846 980 
comma
2
0
0 0 0 0 
0 2 0 0 
coordinatingConjunction
14
6
6 0 0 0 
0 4 0 4 
determiner
106
50
0 0 4 18 
0 22 18 16 
interjection
2
2
4 0 0 0 
0 0 0 0 
noun
33094
4476
586 284 778 532 
1578 3459 1683 21898 
numeral
30
12
0 0 0 0 
0 6 0 12 
preposition
234
90
8 20 30 24 
10 34 12 88 
pronoun
88
36
29 32 21 13 
0 15 4 33 
properNoun
50486
366
28 8 24 2 
194 13745 643 35538 
punctuation
4
0
0 0 0 0 
0 2 0 2 
reflexivePersonalPronoun
6
0
3 1 4 1 
0 0 4 2 
relativePronoun
18
4
12 6 2 2 
0 3 0 11 
subordinatingConjunction
2
2
0 0 0 0 
0 0 0 0 
verb
6624
756
67 62 192 143 
558 1210 580 3520 
